o 124 748 231 869
o 401 577 460 643
o 907 563 948 623
o 1141 721 1259 837
bo 577 466 593 495
bo 747 464 760 493
y 494 525 526 564
y 164 548 200 596
y 124 481 133 494
y 18 482 31 502
y 1118 505 1140 537
y 859 488 880 520
y 777 480 793 506
y 810 461 822 478
y 886 460 899 477
y 974 456 985 474
y 1054 457 1063 470
y 1153 457 1164 472
y 1241 460 1252 475
y 392 467 403 482
y 492 465 502 480
y 246 471 254 483
b 258 476 267 489
b 237 515 256 544
b 350 472 361 486
b 57 487 67 503
b 152 480 162 497
b 449 470 462 487
b 465 498 482 525
b 530 469 544 486
b 554 483 570 506
b 1190 544 1229 594
b 831 523 865 558
b 934 460 950 474
