b 132 386 297 553
bo 455 188 579 372
bo 525 176 625 335
b 735 158 780 223
b 834 117 861 158
b 922 96 941 127
b 990 87 1007 115
b 1071 81 1084 102
b 1106 74 1116 94
b 1095 71 1104 87
b 1081 66 1090 81
b 1060 64 1069 78
b 992 60 1001 75
b 947 62 955 74
b 901 61 908 73
b 844 63 851 76
b 790 64 797 76
b 742 67 751 80
b 703 70 713 85
b 656 73 666 90
b 579 78 589 95
b 413 88 427 107
b 182 99 199 121
y 167 93 181 113
y 350 85 363 103
y 494 78 506 94
y 651 68 659 80
y 721 63 730 76
y 772 63 778 73
y 850 59 856 72
y 920 57 927 70
y 996 57 1003 69
y 1041 57 1049 70
y 1093 58 1100 71
y 1130 56 1138 71
y 1174 58 1182 72
y 1225 61 1234 76
y 1248 63 1260 81
y 1282 68 1295 88
y 1318 75 1332 100
y 1321 83 1342 112
y 1247 91 1268 125
y 1198 112 1226 153
y 1279 153 1323 220
bo 1377 153 1455 310
bo 1416 166 1528 336
y 1758 396 1913 553
