b 143 384 297 553
bo 454 188 584 369
bo 534 175 625 337
b 734 158 781 223
b 833 116 862 159
b 920 96 941 128
b 990 87 1007 114
b 1070 80 1085 103
b 1104 73 1117 94
b 1094 70 1104 87
b 1080 64 1090 81
b 1060 63 1070 77
b 992 61 1001 75
b 946 61 955 74
b 901 61 908 74
b 844 62 851 75
b 789 63 797 77
b 743 66 751 81
b 703 70 713 85
b 657 73 666 89
b 579 78 590 96
b 414 86 426 106
b 182 98 197 121
y 166 92 179 113
y 349 84 363 103
y 495 79 505 94
y 651 67 659 80
y 722 64 729 76
y 771 62 779 74
y 850 60 856 71
y 920 57 928 70
y 997 57 1002 68
y 1041 57 1050 70
y 1092 57 1100 70
y 1130 56 1138 71
y 1173 58 1182 72
y 1224 60 1234 76
y 1248 63 1260 82
y 1281 67 1294 89
y 1319 75 1333 100
y 1323 83 1342 112
y 1244 91 1268 125
y 1197 112 1226 154
y 1280 153 1321 219
bo 1376 153 1458 309
bo 1410 166 1527 337
y 1758 398 1910 553
