b 131 387 296 553
bo 453 189 576 372
bo 532 175 626 341
b 735 159 781 223
b 834 117 861 160
b 920 96 941 128
b 990 87 1006 115
b 1069 80 1085 103
b 1105 73 1117 94
b 1094 70 1105 88
b 1081 65 1090 82
b 1059 63 1069 78
b 992 61 1000 75
b 947 61 954 74
b 900 61 908 75
b 842 62 852 76
b 789 64 797 77
b 741 66 751 81
b 703 70 712 85
b 657 74 666 90
b 578 78 590 95
y 495 78 506 95
b 411 86 427 106
y 349 84 363 103
b 182 98 199 121
y 166 93 180 113
y 651 68 659 80
y 722 64 729 76
y 772 63 778 74
y 850 60 856 71
y 920 59 927 70
y 996 57 1003 69
y 1042 58 1049 69
y 1092 57 1100 69
y 1130 57 1138 70
y 1174 58 1181 71
y 1225 61 1233 76
y 1248 64 1259 82
y 1282 67 1295 88
y 1318 74 1331 99
y 1322 84 1341 112
y 1246 90 1268 126
y 1197 111 1227 155
y 1279 152 1323 219
bo 1375 153 1447 308
bo 1416 165 1530 336
y 1759 396 1911 553
