b 135 386 298 553
bo 454 191 581 370
bo 527 176 626 334
b 734 159 780 223
b 835 118 861 159
b 920 97 941 128
b 991 88 1007 114
b 1071 80 1085 103
b 1106 74 1116 93
b 1095 70 1105 87
b 1080 65 1090 81
b 1060 63 1068 76
b 993 62 1001 75
b 946 61 954 74
b 900 61 909 74
b 843 62 850 75
b 789 63 797 76
b 742 66 750 80
b 703 70 713 84
b 655 74 666 89
b 578 79 590 95
b 413 87 427 107
b 179 98 199 121
y 165 94 179 113
y 349 85 364 103
y 495 78 506 94
y 651 67 659 80
y 722 64 729 76
y 772 63 779 73
y 849 59 856 71
y 920 60 926 69
y 996 58 1002 69
y 1042 58 1049 69
y 1092 57 1100 69
y 1131 57 1138 70
y 1174 58 1182 72
y 1224 62 1234 76
y 1249 64 1258 81
y 1282 68 1295 88
y 1318 75 1331 100
y 1323 85 1341 112
y 1246 91 1267 124
y 1197 112 1226 153
y 1279 154 1322 219
bo 1375 153 1453 306
bo 1411 166 1528 334
y 1759 395 1913 553
