b 136 384 300 553
bo 452 188 575 371
bo 530 174 625 338
b 736 159 782 223
b 832 117 862 159
b 921 96 939 128
b 991 88 1007 114
b 1070 80 1085 103
b 1105 74 1116 93
b 1095 70 1105 88
b 1081 65 1090 81
b 1060 63 1070 77
b 992 61 1000 75
b 946 61 955 74
b 900 61 908 74
b 843 62 851 76
b 789 63 797 77
b 743 67 751 81
b 703 69 712 85
b 656 73 666 89
b 579 78 589 95
b 414 87 426 106
b 182 97 199 121
y 166 92 181 114
y 349 85 363 104
y 495 78 506 94
y 651 67 659 80
y 721 64 729 76
y 771 63 779 74
y 849 59 857 71
y 920 57 927 70
y 996 57 1003 70
y 1041 57 1048 70
y 1093 57 1100 70
y 1130 56 1138 71
y 1174 59 1181 72
y 1224 61 1234 76
y 1248 65 1259 82
y 1282 68 1294 88
y 1319 76 1332 99
y 1324 86 1340 111
y 1245 92 1267 125
y 1196 112 1226 154
y 1279 154 1321 217
bo 1376 153 1454 307
bo 1410 165 1527 336
y 1756 398 1914 553
