b 134 383 300 553
b 731 158 783 226
b 831 116 862 160
b 920 95 942 129
b 988 88 1008 115
b 1069 78 1086 104
b 1103 72 1117 95
b 1093 69 1106 88
b 1079 64 1090 81
b 1059 62 1070 77
b 991 61 1002 76
b 945 61 955 75
b 900 61 909 75
b 843 63 851 76
b 789 64 798 77
b 742 67 750 81
b 703 70 714 85
b 656 74 667 89
b 578 78 591 95
b 413 87 427 106
b 183 99 199 121
y 1762 397 1912 553
y 1278 153 1323 219
y 1198 111 1228 154
y 1248 92 1269 124
y 1323 84 1344 112
y 1318 75 1332 99
y 1282 68 1296 88
y 1248 63 1259 82
y 1224 62 1233 77
y 1173 58 1182 72
y 1130 56 1138 71
y 1093 57 1100 70
y 1041 58 1048 71
y 996 57 1003 70
y 920 58 927 71
y 850 61 856 71
y 771 62 779 74
y 721 63 729 76
y 651 68 659 81
y 494 78 506 94
y 348 84 363 103
y 166 94 179 113
bo 454 188 579 371
bo 529 177 624 343
bo 1375 153 1450 307
bo 1416 165 1531 336
