b 132 384 296 553
bo 454 189 581 371
bo 522 176 628 338
b 735 158 780 223
b 834 117 861 159
b 921 97 942 128
b 989 88 1006 115
b 1071 80 1085 103
b 1105 74 1117 94
b 1095 70 1104 87
b 1081 65 1090 81
b 1060 63 1069 77
b 993 61 1001 75
b 947 61 954 74
b 900 61 908 73
b 843 62 852 75
b 790 64 797 77
b 742 66 750 80
b 704 69 712 85
b 657 74 666 89
b 578 78 590 95
b 413 88 426 106
b 183 97 198 121
y 166 93 180 113
y 349 85 362 103
y 495 77 506 94
y 651 68 659 80
y 721 63 729 76
y 772 62 779 74
y 849 59 856 72
y 920 57 927 70
y 996 57 1002 69
y 1042 57 1049 70
y 1092 57 1100 70
y 1130 56 1139 70
y 1173 58 1182 72
y 1224 60 1234 76
y 1248 64 1259 81
y 1282 68 1295 88
y 1317 75 1331 99
y 1322 85 1342 112
y 1245 93 1268 125
y 1196 111 1227 154
y 1280 153 1324 220
bo 1376 155 1453 308
bo 1413 167 1526 338
y 1754 396 1911 553
