b 129 387 297 553
bo 452 188 579 371
bo 534 176 625 338
b 735 158 780 224
b 834 118 860 159
b 921 96 941 128
b 989 88 1006 115
b 1070 80 1085 103
b 1105 73 1117 94
b 1095 70 1104 88
b 1081 65 1090 81
b 1060 63 1068 77
b 992 62 1000 75
b 947 61 954 74
b 901 61 908 74
b 843 62 851 76
b 790 65 797 77
b 743 67 750 80
b 703 71 712 84
b 656 74 666 89
b 579 79 589 95
b 413 87 426 106
b 183 97 199 120
y 166 93 180 113
y 350 85 363 102
y 495 78 506 94
y 651 68 659 80
y 721 64 729 76
y 772 62 779 74
y 850 60 856 72
y 920 59 927 71
y 996 58 1003 69
y 1041 58 1048 69
y 1093 58 1100 69
y 1131 57 1138 70
y 1174 58 1182 71
y 1225 60 1233 76
y 1248 64 1259 81
y 1283 68 1294 88
y 1319 74 1331 99
y 1323 84 1341 111
y 1246 92 1267 125
y 1199 112 1226 154
y 1280 152 1322 218
bo 1377 154 1451 310
bo 1415 167 1527 336
y 1760 396 1915 553
