b 135 385 298 553
bo 454 188 575 371
bo 531 176 625 337
b 736 157 779 223
b 834 116 860 159
b 921 97 941 127
b 991 88 1007 114
b 1071 79 1086 102
b 1106 74 1117 93
b 1094 70 1105 87
b 1081 66 1090 81
b 1060 63 1069 77
b 993 62 1000 75
b 946 61 954 74
b 900 61 909 74
b 843 62 851 75
b 789 64 797 76
b 742 66 751 81
b 703 70 712 85
b 657 73 666 89
b 579 78 589 94
b 415 88 427 107
b 182 98 198 121
y 167 93 179 113
y 350 85 362 102
y 495 78 505 94
y 651 67 659 80
y 722 64 729 76
y 771 63 779 75
y 850 60 857 72
y 920 59 927 70
y 996 58 1002 69
y 1041 57 1049 70
y 1093 57 1100 70
y 1130 56 1138 71
y 1173 58 1182 72
y 1225 60 1234 76
y 1247 62 1260 81
y 1281 67 1295 89
y 1318 75 1332 99
y 1323 83 1342 111
y 1246 91 1268 124
y 1198 112 1226 154
y 1278 152 1324 219
bo 1377 153 1460 307
bo 1410 166 1526 336
y 1759 396 1916 553
