b 132 387 298 553
bo 455 191 576 371
bo 521 175 625 347
b 734 159 782 223
b 833 116 862 159
b 921 96 942 127
b 989 87 1007 114
b 1071 79 1086 103
b 1105 73 1118 94
b 1095 70 1105 87
b 1081 65 1090 81
b 1059 63 1068 77
b 992 62 1000 75
b 946 61 954 74
b 901 61 909 74
b 843 63 851 75
b 789 64 797 77
b 742 66 750 80
b 703 71 711 85
b 656 73 666 90
b 580 79 589 95
b 414 85 427 106
b 182 98 198 120
y 165 92 180 113
y 349 84 363 102
y 494 77 506 93
y 651 68 659 81
y 722 64 729 76
y 771 62 779 74
y 849 60 857 72
y 921 60 927 70
y 996 57 1003 70
y 1041 59 1049 70
y 1093 57 1100 70
y 1130 57 1138 70
y 1173 58 1181 71
y 1225 61 1235 76
y 1248 64 1259 81
y 1282 67 1295 88
y 1318 75 1331 99
y 1323 84 1342 112
y 1244 92 1270 125
y 1196 112 1227 154
y 1278 154 1325 219
bo 1375 156 1457 309
bo 1417 166 1528 338
y 1758 393 1913 553
