b 135 384 296 553
bo 453 189 578 371
bo 539 175 625 336
b 734 159 781 224
b 833 117 861 160
b 921 97 941 128
b 989 88 1006 114
b 1070 80 1086 104
b 1104 74 1117 94
b 1095 71 1104 88
b 1080 65 1089 81
b 1060 63 1069 77
b 992 62 1000 75
b 946 61 955 74
b 901 62 908 74
b 843 62 851 75
b 789 63 797 77
b 743 67 750 80
b 703 70 712 85
b 656 73 666 89
b 579 79 589 94
b 413 86 426 106
b 182 98 198 122
y 166 93 180 112
y 349 84 363 103
y 495 78 506 93
y 651 68 659 81
y 722 64 729 76
y 772 62 779 74
y 850 60 857 71
y 920 57 927 70
y 996 57 1003 70
y 1042 57 1048 70
y 1092 57 1100 70
y 1131 57 1139 70
y 1174 58 1182 72
y 1225 61 1233 76
y 1248 65 1259 82
y 1281 68 1295 88
y 1247 92 1268 124
y 1319 74 1332 99
y 1323 84 1342 111
y 1198 112 1225 155
y 1281 153 1321 220
bo 1377 154 1460 308
bo 1410 166 1528 339
y 1759 393 1915 553
