b 137 383 301 553
bo 452 190 579 373
bo 533 174 626 336
b 733 158 781 223
b 834 117 860 160
b 922 96 941 127
b 990 88 1007 114
b 1071 80 1086 103
b 1105 73 1117 94
b 1094 70 1105 87
b 1080 65 1090 81
b 1060 63 1069 77
b 992 61 1000 74
b 946 61 954 73
b 901 62 909 74
b 842 62 851 75
b 789 64 797 76
b 742 66 750 80
b 704 70 712 85
b 656 73 666 90
b 579 78 590 95
b 413 86 427 106
b 183 99 199 120
y 166 93 180 113
y 350 84 363 103
y 495 77 506 94
y 651 68 658 80
y 722 64 729 76
y 771 61 779 74
y 850 60 857 71
y 920 57 927 70
y 996 57 1003 70
y 1042 57 1049 70
y 1093 57 1100 70
y 1130 56 1138 71
y 1173 58 1182 72
y 1224 60 1234 77
y 1248 62 1260 81
y 1282 67 1295 88
y 1318 75 1333 100
y 1322 83 1342 112
y 1246 93 1268 124
y 1197 111 1227 153
y 1280 154 1322 220
bo 1377 154 1461 309
bo 1411 165 1527 335
y 1755 397 1910 553
