b 132 386 298 553
bo 453 190 575 370
bo 530 175 624 335
b 737 159 781 223
b 833 116 861 159
b 920 96 941 128
b 990 88 1006 114
b 1071 80 1084 103
b 1105 74 1116 93
b 1095 70 1104 87
b 1080 65 1090 80
b 1060 63 1069 77
b 992 61 1001 75
b 946 60 955 73
b 901 61 908 74
b 843 63 851 75
b 789 64 797 77
b 743 67 751 80
b 703 70 713 84
b 656 73 667 89
b 580 79 589 95
b 413 87 427 106
b 180 99 198 121
y 166 93 180 113
y 350 84 363 102
y 494 78 505 94
y 651 67 659 80
y 722 65 729 76
y 850 59 856 72
y 772 62 779 73
y 920 57 928 70
y 996 57 1003 69
y 1041 57 1049 69
y 1092 57 1101 70
y 1130 56 1138 71
y 1173 58 1182 72
y 1225 61 1234 76
y 1248 65 1259 82
y 1282 69 1295 88
y 1319 75 1332 99
y 1323 84 1342 112
y 1246 92 1269 125
y 1198 112 1226 154
y 1278 154 1322 220
bo 1378 154 1457 310
bo 1413 166 1527 339
y 1761 397 1912 553
