b 138 384 299 553
bo 454 189 573 372
bo 532 175 626 330
b 735 159 780 223
b 832 118 860 159
b 921 96 941 127
b 991 89 1006 114
b 1072 80 1085 103
b 1105 73 1116 94
b 1095 70 1105 87
b 1081 65 1090 81
b 1060 62 1069 77
b 992 62 1000 75
b 947 61 954 74
b 901 62 908 74
b 843 63 851 75
b 789 64 797 77
b 742 67 751 80
b 703 70 712 85
b 656 73 666 89
b 579 78 589 95
b 412 87 427 106
b 182 99 198 120
y 166 92 181 113
y 349 85 362 102
y 494 77 506 94
y 651 67 659 81
y 722 64 729 76
y 772 62 779 74
y 851 59 856 72
y 919 57 927 70
y 996 57 1003 70
y 1041 57 1050 70
y 1094 57 1100 70
y 1130 56 1138 71
y 1173 58 1183 72
y 1224 60 1234 77
y 1249 64 1259 81
y 1282 68 1295 88
y 1318 75 1332 99
y 1322 84 1340 112
y 1247 91 1268 124
y 1199 112 1226 153
y 1280 154 1322 219
bo 1377 153 1453 308
bo 1411 166 1528 335
y 1762 399 1911 553
