y 40 69 61 96
b 1691 72 1710 100
b 1724 64 1742 87
b 1786 70 1805 95
y 2032 68 2055 92
b 294 84 316 110
b 1224 89 1243 119
b 1278 86 1297 116
b 1380 81 1399 111
b 1482 79 1502 109
b 1594 77 1614 105
y 2041 95 2065 133
b 1013 104 1039 142
y 1605 113 1641 160
y 1895 103 1937 147
b 947 123 979 169
y 1493 120 1534 169
y 1443 148 1488 214
b 818 172 876 245
b 561 258 666 386
b 1136 91 1158 126
b 1646 58 1659 78
y 1526 208 1600 313
y 1742 106 1782 154
y 1932 63 1950 85
y 1812 57 1828 78
y 1828 54 1840 73
y 1771 53 1783 74
y 1783 53 1792 70
y 1755 53 1768 73
b 1572 52 1581 69
b 1604 49 1612 65
y 232 79 255 107
