y 94 72 112 100
y 174 72 196 99
b 618 60 634 83
b 1885 68 1905 90
b 1942 73 1961 99
b 1270 82 1288 108
b 1347 78 1366 105
b 1398 77 1417 105
b 1494 74 1514 102
b 1598 74 1617 102
b 1714 74 1736 102
b 1116 99 1139 133
y 1972 99 2011 141
y 1560 104 1593 145
y 1488 118 1522 168
b 923 152 971 214
y 1504 147 1552 214
b 671 228 763 337
y 1595 244 1705 373
y 1770 398 1899 553
b 1037 119 1073 170
b 1165 87 1186 118
b 1826 74 1846 101
b 1810 60 1825 81
b 1780 52 1791 69
b 1847 54 1858 70
y 2038 61 2052 81
b 2052 60 2064 76
y 2007 63 2024 84
y 1983 60 1998 80
y 1964 60 1980 81
y 1949 59 1964 79
b 1931 55 1943 72
y 1676 99 1701 142
y 1809 101 1844 143
y 579 56 596 79
