b 1501 55 1512 72
y 1747 59 1758 78
b 1585 64 1598 83
b 1673 69 1691 93
y 1873 67 1890 90
y 1982 73 2004 98
b 1563 86 1584 115
b 1658 80 1679 109
b 1157 102 1184 140
b 1220 98 1245 134
b 1335 94 1358 126
b 1446 89 1469 121
b 1054 110 1082 150
b 896 130 931 178
y 1954 119 2005 172
y 1649 135 1695 198
y 1797 127 1850 186
y 1524 149 1581 218
b 789 162 842 227
y 1515 208 1593 314
b 487 286 608 428
b 1748 74 1766 102
y 1844 393 1999 553
y 1817 59 1831 78
y 1701 58 1715 78
y 1682 57 1695 75
b 1522 58 1530 76
b 1643 53 1652 68
