b 1568 70 1583 93
y 1743 65 1761 88
y 1858 70 1879 97
b 1579 83 1603 116
b 1652 75 1673 104
y 1974 75 2005 108
b 1366 98 1394 139
b 1489 92 1517 128
b 1240 104 1271 148
b 1019 125 1056 176
b 1097 116 1134 164
b 872 142 915 203
y 2024 138 2065 206
y 1886 160 1970 241
b 597 191 662 271
y 1745 183 1824 279
y 1624 222 1722 344
b 249 306 393 450
b 1468 60 1477 81
b 1400 58 1409 76
b 1374 53 1384 71
b 1442 50 1451 66
b 1500 50 1508 66
y 1546 54 1559 73
y 1615 57 1629 80
y 1604 53 1613 74
y 1668 55 1679 74
b 1586 51 1593 66
y 1570 56 1581 75
b 1682 54 1690 69
y 1829 60 1841 77
y 1942 64 1954 83
b 1937 60 1944 79
