bo  0.9956  461 189 605 387
bo  0.8514  529 182 631 349
bo  0.3536  1414 167 1509 347
y  0.9966  356 83 371 101
y  0.9934  1199 112 1225 153
y  0.9924  1277 152 1325 223
y  0.9920  1760 392 1925 555
y  0.9869  1315 83 1333 109
y  0.9633  1252 79 1269 109
y  0.9449  1240 93 1260 125
y  0.9249  1259 66 1270 85
y  0.9186  1312 67 1325 86
y  0.9086  1380 131 1420 166
y  0.8315  1166 63 1176 80
y  0.8292  508 77 521 94
y  0.7449  183 93 198 113
y  0.6368  1042 59 1051 76
y  0.4188  1214 95 1233 126
b  0.9990  135 384 304 549
b  0.9989  919 99 939 128
b  0.9984  1064 82 1080 108
b  0.9976  418 86 435 106
b  0.9968  738 154 783 232
b  0.9776  184 95 201 121
b  0.9686  1103 68 1114 87
b  0.9557  1000 67 1010 88
b  0.9359  1 107 14 147
b  0.9212  670 69 680 87
b  0.8986  1059 64 1069 83
b  0.8974  832 118 861 157
b  0.8280  797 64 807 83
b  0.8020  582 74 593 91
b  0.7978  980 86 995 113
b  0.6442  740 64 749 79
