bo  0.9844  1412 158 1543 357
bo  0.9828  462 188 597 383
bo  0.7640  517 180 618 357
bo  0.6880  1368 161 1456 297
y  0.9983  1198 110 1224 154
y  0.9972  1274 152 1324 223
y  0.9962  350 84 367 102
y  0.9914  1308 83 1326 110
y  0.9837  1256 67 1268 85
y  0.9830  1770 390 1942 552
y  0.9700  1370 132 1411 170
y  0.9508  504 78 517 94
y  0.9394  1241 92 1260 122
y  0.7977  182 92 198 114
y  0.7637  1171 63 1180 78
y  0.7384  1313 72 1327 92
y  0.6906  1055 59 1065 74
y  0.5866  1112 60 1121 75
b  0.9683  665 71 675 87
y  0.3107  846 60 855 75
b  0.9998  920 99 941 127
b  0.9987  740 153 784 234
b  0.9982  124 389 319 548
b  0.9958  416 85 433 105
b  0.9910  982 88 998 111
b  0.9859  1098 69 1110 88
b  0.9807  992 66 1003 85
b  0.9791  1066 66 1077 85
b  0.9673  1047 80 1062 103
b  0.9318  190 97 208 121
b  0.9316  832 119 862 161
b  0.7456  2 110 15 142
b  0.7436  738 66 747 81
b  0.6828  578 75 589 92
b  0.4990  935 58 945 73
b  0.4234  978 59 988 75
b  0.3580  800 64 808 78
