bo  0.9903  474 197 605 377
bo  0.5513  1362 172 1469 296
y  0.9946  1311 71 1325 89
y  0.9926  362 84 384 102
y  0.9922  1270 153 1333 223
y  0.9884  1201 113 1235 153
y  0.9726  1308 88 1330 111
y  0.9702  1247 80 1266 104
y  0.9330  506 78 525 97
y  0.9261  1788 389 1940 557
y  0.9006  1382 126 1420 166
y  0.8998  181 93 201 112
y  0.8889  1250 67 1261 84
y  0.8660  1227 96 1251 124
y  0.8255  1060 60 1071 74
y  0.4353  1168 61 1178 76
y  0.4342  522 144 569 176
y  0.3821  1119 61 1129 76
b  0.9969  732 157 782 236
b  0.9952  1056 80 1073 103
b  0.9930  1104 70 1116 89
b  0.9927  911 99 934 126
b  0.9882  831 116 865 167
b  0.9282  149 383 315 552
b  0.9008  998 69 1011 88
b  0.9004  1065 66 1077 84
b  0.8974  999 89 1020 115
b  0.7946  678 69 690 85
b  0.6641  410 85 432 105
b  0.6505  803 64 815 81
b  0.5770  739 65 750 80
b  0.5451  937 64 949 78
b  0.5164  583 72 596 87
