bo  0.9878  464 189 602 382
bo  0.6744  1414 161 1514 343
bo  0.3264  560 174 618 336
y  0.9996  1193 113 1227 154
y  0.9991  1311 85 1332 110
y  0.9987  1239 96 1265 127
y  0.9979  353 83 370 101
y  0.9977  1308 71 1321 89
y  0.9959  176 92 194 112
y  0.9940  1256 68 1268 84
y  0.9922  1271 151 1327 224
y  0.9882  580 73 591 89
y  0.9713  1770 392 1928 556
y  0.9491  502 77 514 93
y  0.9148  1375 131 1408 171
b  0.9863  664 70 674 86
y  0.6912  1054 59 1063 73
y  0.6601  1170 59 1179 74
y  0.6333  1113 60 1123 73
y  0.6209  1228 60 1239 77
y  0.5675  564 149 612 187
y  0.2546  546 149 593 186
b  0.9997  918 100 942 127
b  0.9993  411 87 429 107
b  0.9980  736 156 783 232
b  0.9973  1100 71 1112 89
b  0.9930  1066 66 1077 84
b  0.9922  1048 81 1065 104
b  0.9922  990 70 1002 87
b  0.9855  123 390 323 549
b  0.9519  188 97 208 121
b  0.9325  828 119 862 159
b  0.9299  1 110 14 145
b  0.8542  983 90 1003 113
b  0.7123  735 65 745 79
b  0.4938  984 59 994 76
b  0.4598  921 59 930 73
b  0.4542  795 64 804 77
