bo  0.8970  1409 169 1539 336
bo  0.8501  565 176 614 328
bo  0.7408  512 180 603 349
y  0.9982  1309 84 1331 110
y  0.9981  1197 114 1229 153
y  0.9966  1273 151 1328 224
y  0.9852  1237 97 1263 129
y  0.9773  1264 78 1282 102
y  0.9747  355 82 372 102
y  0.9359  1253 66 1264 83
y  0.9345  1308 71 1322 89
y  0.9195  181 91 200 115
y  0.8686  1123 59 1132 74
y  0.8003  508 75 521 94
y  0.5916  1168 60 1177 76
y  0.5679  1053 58 1062 73
y  0.5021  467 161 492 196
y  0.3313  1237 60 1248 77
b  0.9968  924 100 942 126
b  0.9896  1105 70 1117 89
b  0.9883  995 69 1006 90
b  0.9877  408 84 426 107
b  0.9817  1049 79 1065 103
b  0.9683  1066 66 1077 84
b  0.9295  739 154 781 230
b  0.9218  834 119 861 162
b  0.8986  735 66 748 83
b  0.8904  669 68 682 87
b  0.7690  4 108 20 141
b  0.6862  788 63 800 81
b  0.5553  585 73 599 91
