bo  0.9353  458 199 613 381
bo  0.7935  1403 168 1535 350
y  0.9956  1200 112 1234 157
y  0.9939  359 84 379 103
y  0.9883  1276 150 1335 225
y  0.9878  1311 71 1326 89
y  0.9845  1762 391 1944 556
y  0.9841  1245 79 1263 103
y  0.9718  182 89 200 108
y  0.9231  1227 94 1250 126
y  0.9204  1169 63 1180 78
y  0.8721  507 78 524 97
y  0.7500  1379 129 1413 169
y  0.5028  1107 61 1118 75
y  0.4189  505 162 569 197
y  0.2984  1262 72 1275 90
b  0.9995  914 101 936 128
b  0.9986  1048 84 1068 109
b  0.9976  727 159 783 233
b  0.9972  414 85 436 107
b  0.9900  835 123 870 163
b  0.9805  1098 70 1111 89
b  0.9654  1063 67 1075 85
b  0.9366  128 383 321 553
b  0.8971  185 100 207 123
b  0.7647  673 67 686 85
b  0.7549  1004 65 1016 82
b  0.5161  740 64 752 79
b  0.4072  1007 88 1027 112
b  0.3817  565 75 581 95
b  0.3811  798 63 809 79
b  0.3392  933 63 944 79
