bo  0.9786  470 188 590 383
bo  0.9725  1402 161 1514 355
bo  0.8292  1364 169 1456 294
bo  0.7543  563 172 619 336
y  0.9998  1198 112 1225 154
y  0.9988  1314 83 1330 106
y  0.9980  354 83 371 102
y  0.9957  1275 152 1324 223
y  0.9948  1238 96 1259 125
y  0.9787  1771 392 1925 552
y  0.9744  1259 67 1269 85
y  0.9711  181 91 197 113
y  0.9580  1306 70 1317 88
y  0.9135  1268 84 1285 113
y  0.9052  504 77 517 94
y  0.6560  1131 58 1139 73
y  0.6452  1234 60 1244 76
b  0.9624  670 70 681 86
y  0.5702  1377 134 1412 167
y  0.5050  733 61 743 74
y  0.4354  1060 59 1069 74
y  0.2897  1170 59 1178 74
b  0.9998  124 383 306 551
b  0.9996  921 101 942 126
b  0.9988  408 86 426 106
b  0.9923  740 153 782 232
b  0.9906  1102 70 1113 88
b  0.9881  1051 80 1065 102
b  0.9859  1061 67 1071 85
b  0.9817  832 118 861 162
b  0.9474  0 108 14 146
b  0.9179  984 88 1000 110
b  0.8280  583 73 594 89
b  0.8204  1001 66 1011 82
b  0.7953  789 63 800 80
b  0.7492  732 65 743 79
b  0.4793  869 59 880 74
b  0.3936  934 58 944 73
