bo  0.9900  1409 161 1542 357
bo  0.9771  463 196 600 377
bo  0.8014  557 175 620 332
bo  0.5783  1370 159 1457 304
y  0.9994  1196 112 1223 152
y  0.9980  1312 80 1329 105
y  0.9980  354 83 372 102
y  0.9954  1238 97 1258 127
y  0.9917  1278 153 1329 222
y  0.9874  1768 393 1929 553
y  0.9778  177 91 193 113
y  0.9645  503 77 516 93
y  0.9499  1382 136 1418 170
y  0.9301  1265 81 1282 111
y  0.9271  1259 67 1270 86
y  0.8080  1310 72 1322 91
y  0.5899  1170 58 1179 74
b  0.9685  663 69 675 86
y  0.4887  1108 58 1117 73
y  0.4054  1053 59 1063 74
b  0.9999  921 99 942 128
b  0.9993  409 87 429 107
b  0.9988  126 384 323 547
b  0.9985  737 155 783 234
b  0.9960  1057 81 1073 104
b  0.9897  1105 70 1117 88
b  0.9473  1 108 14 145
b  0.9327  1063 65 1073 82
b  0.9174  985 87 1002 112
b  0.9022  830 118 861 160
b  0.8693  582 74 594 90
b  0.8676  997 64 1007 82
b  0.6901  796 64 807 79
b  0.6411  741 64 752 79
b  0.4646  934 59 944 75
