bo  0.9884  464 185 599 390
bo  0.9454  1403 155 1515 349
bo  0.4194  556 168 624 342
bo  0.3451  1368 161 1460 299
y  0.9998  1196 112 1227 154
y  0.9989  353 83 370 101
y  0.9977  1235 95 1257 125
y  0.9976  1313 85 1331 107
y  0.9971  1276 152 1326 223
y  0.9752  1771 390 1931 557
y  0.9750  176 91 192 113
y  0.9692  504 77 517 93
y  0.8383  1248 78 1264 100
y  0.7809  1386 132 1418 172
b  0.9854  664 70 674 86
y  0.6797  1171 60 1179 75
y  0.5671  845 60 855 75
y  0.5621  1245 69 1255 86
y  0.4695  1055 59 1064 74
y  0.4691  1231 60 1240 76
y  0.4682  776 60 786 76
b  0.9999  920 98 943 126
b  0.9995  409 87 428 106
b  0.9976  123 389 318 548
b  0.9953  738 154 784 231
b  0.9904  1060 79 1075 102
b  0.9899  1057 66 1067 84
b  0.9892  1110 70 1120 87
b  0.9880  987 70 998 90
b  0.9653  582 75 594 92
b  0.9552  1 108 14 147
b  0.9543  830 117 862 162
b  0.8657  737 65 747 81
b  0.7959  918 60 928 75
b  0.7218  981 87 998 110
b  0.4080  785 63 794 78
