bo  0.9855  476 183 593 387
bo  0.9030  1395 164 1512 337
bo  0.8255  1366 162 1464 300
bo  0.3920  567 172 614 335
y  0.9990  1196 113 1223 152
y  0.9970  355 83 372 101
y  0.9967  1278 153 1330 222
y  0.9962  1309 82 1327 107
y  0.9937  1239 96 1260 127
y  0.9900  181 91 197 112
y  0.9828  1767 396 1954 550
y  0.9652  1372 132 1407 169
y  0.9562  1247 67 1257 85
y  0.8508  1258 76 1273 101
y  0.7744  507 77 521 94
y  0.6600  1120 59 1128 75
y  0.5927  1050 59 1059 75
y  0.5747  1309 70 1321 89
y  0.5160  1235 60 1244 76
y  0.4196  1168 59 1176 76
b  0.9286  667 71 677 88
b  0.9997  917 99 938 127
b  0.9969  122 383 319 548
b  0.9899  1106 69 1116 89
b  0.9873  737 158 783 227
b  0.9868  416 86 434 107
b  0.9804  998 69 1008 89
b  0.9736  190 96 208 121
b  0.9706  1047 79 1061 105
b  0.9559  1064 65 1074 86
b  0.9453  1 109 14 147
b  0.8788  831 120 861 159
b  0.8036  584 75 596 93
b  0.6749  983 86 999 112
b  0.4730  731 65 742 80
b  0.3128  934 59 944 76
b  0.2525  804 63 814 78
