bo  0.9774  488 180 598 389
bo  0.4085  1410 177 1528 338
y  0.9916  1767 388 1931 554
y  0.9911  1198 112 1228 158
y  0.9892  1307 81 1325 105
y  0.9883  355 83 372 102
y  0.9716  1275 152 1334 224
y  0.9671  179 90 197 113
y  0.9484  1261 68 1273 87
y  0.8571  1228 95 1250 125
y  0.7856  1257 76 1273 102
y  0.7816  1371 132 1407 174
y  0.7207  507 77 522 94
y  0.7082  538 145 584 184
y  0.5720  1300 72 1313 92
y  0.4063  1045 61 1056 76
y  0.3651  1164 60 1172 77
b  0.8601  663 71 674 88
b  0.9996  921 100 943 127
b  0.9987  126 383 320 547
b  0.9929  734 159 789 229
b  0.9916  407 86 425 106
b  0.9857  1045 80 1061 104
b  0.9747  1106 71 1118 89
b  0.9714  1001 69 1013 89
b  0.9653  1063 66 1074 84
b  0.9504  197 95 216 120
b  0.9305  831 120 862 159
b  0.8797  1 106 16 149
b  0.7491  982 87 1000 110
b  0.6997  582 75 595 93
b  0.6088  736 65 746 82
b  0.2739  1000 59 1011 75
