bo  0.9868  476 193 603 383
bo  0.5853  1415 169 1516 351
y  0.9971  354 84 369 102
y  0.9910  1198 114 1227 153
y  0.9591  1765 387 1947 556
y  0.9434  1259 67 1271 84
y  0.9160  1308 82 1325 106
y  0.8941  1241 94 1263 123
y  0.8825  1253 82 1273 113
y  0.8051  1281 147 1326 229
y  0.8036  505 78 518 94
y  0.7565  183 93 198 113
y  0.5105  1168 60 1178 75
y  0.4567  1054 60 1065 74
y  0.4118  1111 60 1120 74
y  0.3292  184 96 202 122
y  0.3169  839 58 849 73
y  0.2560  1371 132 1407 173
b  0.9987  919 100 942 128
b  0.9976  410 86 428 106
b  0.9961  1050 79 1066 103
b  0.9960  734 155 782 237
b  0.9947  126 391 318 549
b  0.9884  189 98 208 126
b  0.9779  991 70 1003 91
b  0.9770  1100 69 1113 87
b  0.9731  828 120 863 160
b  0.9339  1063 67 1075 85
b  0.9195  1 108 16 149
b  0.8841  978 87 995 111
b  0.5814  662 68 672 85
b  0.5174  578 75 589 93
b  0.2984  746 64 757 80
b  0.2521  931 59 942 75
