y  0.9958  1754 403 1923 553
y  0.9938  1495 150 1562 212
y  0.9898  1591 240 1698 375
y  0.9839  1489 120 1527 168
y  0.9654  1803 101 1843 145
y  0.9188  1962 105 2004 147
y  0.7521  108 72 125 98
y  0.7184  178 69 194 97
y  0.6687  2025 68 2041 86
b  0.5048  1951 81 1976 107
y  0.3102  1549 108 1579 150
b  0.9979  921 144 984 224
b  0.9967  1265 82 1286 114
b  0.9963  673 225 763 350
b  0.9954  1031 119 1072 171
b  0.9902  1380 76 1400 105
b  0.9833  1698 80 1723 113
b  0.9831  1482 76 1502 104
b  0.9591  1105 99 1136 137
b  0.9351  1816 77 1840 109
b  0.9248  1582 75 1603 104
b  0.7528  1341 70 1355 94
b  0.6593  1872 72 1891 94
b  0.5481  1478 68 1494 91
b  0.4237  1172 90 1197 121
b  0.3900  1595 71 1614 96
b  0.2884  1276 69 1289 90
