y  0.9990  1515 208 1591 315
y  0.9941  1829 65 1848 85
y  0.9713  1526 154 1583 220
y  0.9626  1629 138 1687 200
y  0.9580  1835 402 2006 551
y  0.9407  1954 122 2004 176
y  0.9393  1791 132 1847 185
y  0.7792  1862 68 1885 89
y  0.4876  1695 59 1711 76
y  0.3998  1743 58 1758 75
b  0.9999  483 290 614 435
b  0.9992  1333 94 1360 130
b  0.9983  1557 84 1587 117
b  0.9982  1655 83 1683 111
b  0.9982  1443 91 1471 125
b  0.9916  800 162 846 231
b  0.9685  1687 67 1704 87
b  0.8905  1746 76 1770 101
b  0.8691  1213 99 1243 137
b  0.8437  1664 69 1682 91
b  0.7765  1193 100 1224 138
b  0.7707  1062 111 1086 150
b  0.7454  1559 67 1576 89
b  0.5277  1178 104 1208 140
b  0.2799  898 130 928 176
b  0.2609  1740 70 1760 90
