y  0.9992  1613 222 1718 347
y  0.9984  1882 160 1961 246
y  0.9979  1716 180 1827 286
y  0.9968  1970 80 2007 108
y  0.9896  1843 73 1869 94
y  0.9700  1027 88 1050 115
y  0.9650  1930 67 1955 86
y  0.8672  1650 59 1664 77
y  0.8414  1576 56 1590 75
y  0.7509  1735 68 1755 88
y  0.5252  2019 136 2064 217
y  0.3572  1721 64 1737 82
b  0.7868  1023 96 1050 127
b  0.9998  596 192 661 277
b  0.9995  1234 107 1271 153
b  0.9994  1568 83 1595 116
b  0.9994  239 296 388 469
b  0.9983  1477 92 1509 127
b  0.9979  1015 123 1060 176
b  0.9975  1098 118 1138 164
b  0.9936  1651 76 1675 106
b  0.9867  1354 98 1390 143
b  0.9666  866 143 909 199
b  0.7870  1567 67 1584 90
b  0.7155  1462 61 1480 88
