y  0.9976  1521 205 1604 311
y  0.9958  1438 151 1495 219
y  0.9955  1601 112 1643 160
y  0.9940  1483 123 1534 170
y  0.9939  1743 108 1781 156
y  0.9916  1891 103 1927 147
y  0.9392  28 68 46 95
y  0.9341  1921 63 1935 82
y  0.8517  2043 94 2063 139
y  0.6877  1818 58 1831 74
y  0.4025  1762 57 1774 71
y  0.3899  2039 71 2055 97
y  0.2723  1901 59 1915 77
y  0.2563  1933 64 1950 82
b  0.9995  1588 78 1612 109
b  0.9994  820 175 877 245
b  0.9994  932 124 972 169
b  0.9992  551 260 666 399
b  0.9982  1375 83 1401 114
b  0.9953  1130 91 1155 125
b  0.9806  1008 103 1041 145
b  0.9771  1683 78 1706 105
b  0.9577  1473 82 1499 113
b  0.9539  1705 67 1722 88
b  0.9370  1789 72 1807 97
b  0.9264  1248 86 1275 118
b  0.9151  1365 66 1382 89
b  0.4991  1239 88 1266 122
