3 0.938702 0.240885 0.03766 0.169271
1 0.904647 0.147135 0.027244 0.127604
3 0.508814 0.240885 0.035256 0.16406199999999999
3 0.311699 0.334635 0.044872 0.190104
3 0.17988800000000002 0.404948 0.044071 0.190104
0 0.604167 0.11718800000000001 0.022436 0.125
0 0.673077 0.049479 0.019231 0.088542
0 0.200321 0.358073 0.040063999999999995 0.158854
1 0.915465 0.076823 0.020031999999999998 0.096354
1 0.99359 0.053385 0.012821 0.096354
3 0.9823719999999999 0.402344 0.035256 0.22656199999999999
0 0.736779 0.02474 0.015224000000000001 0.044271
