so 0.9798 0.9401 0.7578 0.0613 0.1089
y 0.8867 0.6125 0.4738 0.0108 0.0325
y 0.6826 0.5809 0.4568 0.0105 0.0265
y 0.5369 0.5607 0.4432 0.0110 0.0264
y 0.5154 0.6741 0.4817 0.0117 0.0397
b 0.7817 0.0107 0.4788 0.0071 0.0373
b 0.9755 0.3905 0.4822 0.0139 0.0446
b 0.9488 0.9343 0.5457 0.0219 0.0676
b 0.9327 0.0028 0.5144 0.0073 0.0531
b 0.9147 0.1994 0.4908 0.0128 0.0652
b 0.7757 0.0508 0.4776 0.0096 0.0367
b 0.7166 0.6524 0.5132 0.0153 0.0445
b 0.6256 0.7424 0.4406 0.0169 0.0363
b 0.4474 0.6598 0.5149 0.0172 0.0486
b 0.3548 0.4326 0.4746 0.0125 0.0346
