bo 0.9855 0.2589 0.5156 0.0566 0.3682
bo 0.9030 0.7041 0.4522 0.0567 0.3134
bo 0.8255 0.6853 0.4169 0.0474 0.2496
bo 0.3920 0.2858 0.4580 0.0229 0.2964
y 0.9990 0.5857 0.2383 0.0134 0.0706
y 0.9970 0.1758 0.1656 0.0079 0.0330
y 0.9967 0.6315 0.3389 0.0251 0.1261
y 0.9962 0.6381 0.1704 0.0087 0.0447
y 0.9937 0.6053 0.2016 0.0103 0.0561
y 0.9900 0.0912 0.1828 0.0079 0.0381
y 0.9828 0.9013 0.8563 0.0906 0.2779
y 0.9652 0.6729 0.2716 0.0169 0.0675
y 0.9562 0.6064 0.1365 0.0047 0.0326
y 0.8508 0.6127 0.1597 0.0073 0.0458
y 0.7744 0.2488 0.1541 0.0064 0.0304
y 0.6600 0.5443 0.1201 0.0040 0.0293
y 0.5927 0.5106 0.1205 0.0044 0.0280
y 0.5747 0.6368 0.1434 0.0057 0.0346
y 0.5160 0.6001 0.1226 0.0043 0.0296
y 0.4196 0.5676 0.1216 0.0039 0.0299
b 0.9286 0.3253 0.1438 0.0051 0.0307
b 0.9997 0.4491 0.2041 0.0100 0.0505
b 0.9969 0.1066 0.8417 0.0951 0.2988
b 0.9899 0.5379 0.1417 0.0049 0.0368
b 0.9873 0.3680 0.3485 0.0224 0.1251
b 0.9868 0.2057 0.1733 0.0083 0.0381
b 0.9804 0.4858 0.1420 0.0049 0.0372
b 0.9736 0.0964 0.1958 0.0087 0.0447
b 0.9706 0.5105 0.1661 0.0070 0.0474
b 0.9559 0.5177 0.1359 0.0048 0.0367
b 0.9453 0.0030 0.2306 0.0066 0.0683
b 0.8788 0.4096 0.2516 0.0144 0.0719
b 0.8036 0.2855 0.1516 0.0057 0.0319
b 0.6749 0.4798 0.1783 0.0075 0.0463
b 0.4730 0.3566 0.1307 0.0049 0.0279
b 0.3128 0.4546 0.1210 0.0048 0.0298
b 0.2525 0.3917 0.1274 0.0045 0.0266
