bo 0.9353 0.2594 0.5248 0.0751 0.3296
bo 0.7935 0.7116 0.4678 0.0638 0.3295
y 0.9956 0.5893 0.2426 0.0163 0.0806
y 0.9939 0.1785 0.1690 0.0099 0.0344
y 0.9883 0.6322 0.3393 0.0283 0.1359
y 0.9878 0.6386 0.1436 0.0070 0.0329
y 0.9845 0.8975 0.8570 0.0884 0.3000
y 0.9841 0.6074 0.1645 0.0089 0.0434
y 0.9718 0.0923 0.1768 0.0087 0.0341
y 0.9231 0.5999 0.1986 0.0111 0.0585
y 0.9204 0.5689 0.1273 0.0053 0.0264
y 0.8721 0.2494 0.1584 0.0081 0.0346
y 0.7500 0.6763 0.2695 0.0165 0.0718
y 0.5028 0.5389 0.1220 0.0052 0.0259
y 0.4189 0.2598 0.3239 0.0308 0.0639
y 0.2984 0.6143 0.1456 0.0065 0.0333
b 0.9995 0.4479 0.2065 0.0110 0.0503
b 0.9986 0.5124 0.1735 0.0096 0.0450
b 0.9976 0.3654 0.3543 0.0271 0.1348
b 0.9972 0.2057 0.1730 0.0106 0.0381
b 0.9900 0.4127 0.2583 0.0168 0.0732
b 0.9805 0.5349 0.1430 0.0065 0.0341
b 0.9654 0.5176 0.1366 0.0060 0.0336
b 0.9366 0.1085 0.8466 0.0931 0.3090
b 0.8971 0.0949 0.2007 0.0106 0.0424
b 0.7647 0.3290 0.1371 0.0060 0.0329
b 0.7549 0.4890 0.1327 0.0058 0.0304
b 0.5161 0.3612 0.1290 0.0055 0.0278
b 0.4072 0.4926 0.1797 0.0095 0.0428
b 0.3817 0.2775 0.1532 0.0076 0.0349
b 0.3811 0.3892 0.1285 0.0054 0.0288
b 0.3392 0.4544 0.1276 0.0053 0.0280
