bo 0.9900 0.7146 0.4684 0.0645 0.3536
bo 0.9771 0.2572 0.5177 0.0667 0.3285
bo 0.8014 0.2849 0.4585 0.0302 0.2856
bo 0.5783 0.6848 0.4181 0.0422 0.2632
y 0.9994 0.5857 0.2380 0.0129 0.0725
y 0.9980 0.6395 0.1672 0.0085 0.0446
y 0.9980 0.1756 0.1661 0.0083 0.0344
y 0.9954 0.6044 0.2021 0.0101 0.0553
y 0.9917 0.6312 0.3389 0.0246 0.1239
y 0.9874 0.8954 0.8557 0.0782 0.2905
y 0.9778 0.0894 0.1839 0.0080 0.0390
y 0.9645 0.2467 0.1539 0.0063 0.0291
y 0.9499 0.6780 0.2757 0.0172 0.0613
y 0.9301 0.6167 0.1731 0.0082 0.0558
y 0.9271 0.6124 0.1377 0.0053 0.0349
y 0.8080 0.6374 0.1465 0.0060 0.0350
y 0.5899 0.5689 0.1191 0.0044 0.0292
b 0.9685 0.3240 0.1393 0.0057 0.0306
y 0.4887 0.5386 0.1181 0.0044 0.0272
y 0.4054 0.5124 0.1199 0.0047 0.0273
b 0.9999 0.4511 0.2044 0.0102 0.0530
b 0.9993 0.2028 0.1747 0.0093 0.0352
b 0.9988 0.1086 0.8430 0.0952 0.2953
b 0.9985 0.3678 0.3514 0.0222 0.1426
b 0.9960 0.5158 0.1666 0.0075 0.0411
b 0.9897 0.5381 0.1420 0.0055 0.0329
b 0.9473 0.0032 0.2285 0.0066 0.0659
b 0.9327 0.5171 0.1316 0.0048 0.0308
b 0.9174 0.4811 0.1793 0.0080 0.0453
b 0.9022 0.4094 0.2517 0.0155 0.0759
b 0.8693 0.2846 0.1472 0.0058 0.0294
b 0.8676 0.4851 0.1321 0.0049 0.0328
b 0.6901 0.3880 0.1285 0.0052 0.0287
b 0.6411 0.3613 0.1292 0.0053 0.0269
b 0.4646 0.4546 0.1204 0.0051 0.0288
