bo 0.9884 0.2573 0.5196 0.0653 0.3705
bo 0.9454 0.7067 0.4558 0.0542 0.3509
bo 0.4194 0.2857 0.4609 0.0328 0.3159
bo 0.3451 0.6849 0.4157 0.0449 0.2484
y 0.9998 0.5869 0.2396 0.0149 0.0758
y 0.9989 0.1750 0.1659 0.0080 0.0336
y 0.9977 0.6036 0.1988 0.0108 0.0538
y 0.9976 0.6404 0.1723 0.0089 0.0401
y 0.9971 0.6302 0.3389 0.0244 0.1277
y 0.9752 0.8965 0.8564 0.0778 0.3019
y 0.9750 0.0888 0.1842 0.0080 0.0403
y 0.9692 0.2469 0.1528 0.0062 0.0287
y 0.8383 0.6083 0.1600 0.0076 0.0390
y 0.7809 0.6788 0.2744 0.0155 0.0716
b 0.9854 0.3239 0.1401 0.0052 0.0294
y 0.6797 0.5691 0.1217 0.0041 0.0273
y 0.5671 0.4117 0.1219 0.0049 0.0278
y 0.5621 0.6053 0.1389 0.0049 0.0303
y 0.4695 0.5129 0.1196 0.0044 0.0270
y 0.4691 0.5984 0.1227 0.0044 0.0296
y 0.4682 0.3782 0.1228 0.0046 0.0290
b 0.9999 0.4510 0.2019 0.0113 0.0506
b 0.9995 0.2024 0.1738 0.0090 0.0349
b 0.9976 0.1067 0.8479 0.0943 0.2897
b 0.9953 0.3685 0.3477 0.0219 0.1400
b 0.9904 0.5169 0.1628 0.0070 0.0417
b 0.9899 0.5143 0.1347 0.0049 0.0316
b 0.9892 0.5400 0.1411 0.0052 0.0314
b 0.9880 0.4808 0.1436 0.0054 0.0359
b 0.9653 0.2848 0.1500 0.0058 0.0310
b 0.9552 0.0031 0.2298 0.0067 0.0705
b 0.9543 0.4097 0.2521 0.0157 0.0821
b 0.8657 0.3593 0.1314 0.0048 0.0274
b 0.7959 0.4470 0.1216 0.0045 0.0280
b 0.7218 0.4791 0.1777 0.0081 0.0422
b 0.4080 0.3823 0.1267 0.0044 0.0258
