bo 0.9903 0.2611 0.5188 0.0635 0.3253
bo 0.5513 0.6857 0.4232 0.0520 0.2242
y 0.9946 0.6385 0.1440 0.0067 0.0320
y 0.9926 0.1804 0.1682 0.0108 0.0324
y 0.9922 0.6302 0.3394 0.0307 0.1256
y 0.9884 0.5897 0.2403 0.0164 0.0723
y 0.9726 0.6388 0.1794 0.0110 0.0431
y 0.9702 0.6085 0.1662 0.0094 0.0434
y 0.9330 0.2495 0.1582 0.0090 0.0341
y 0.9261 0.9028 0.8556 0.0740 0.3042
y 0.9006 0.6784 0.2643 0.0185 0.0726
y 0.8998 0.0923 0.1852 0.0095 0.0337
y 0.8889 0.6081 0.1356 0.0054 0.0305
y 0.8660 0.6000 0.1990 0.0118 0.0507
y 0.8255 0.5161 0.1211 0.0052 0.0254
y 0.4353 0.5681 0.1226 0.0046 0.0270
y 0.4342 0.2639 0.2889 0.0227 0.0587
y 0.3821 0.5443 0.1226 0.0050 0.0269
b 0.9969 0.3665 0.3553 0.0244 0.1425
b 0.9952 0.5154 0.1646 0.0081 0.0424
b 0.9930 0.5376 0.1432 0.0059 0.0329
b 0.9927 0.4468 0.2027 0.0114 0.0476
b 0.9882 0.4106 0.2551 0.0161 0.0917
b 0.9282 0.1123 0.8462 0.0803 0.3055
b 0.9008 0.4863 0.1410 0.0061 0.0342
b 0.9004 0.5187 0.1357 0.0055 0.0329
b 0.8974 0.4889 0.1837 0.0100 0.0467
b 0.7946 0.3311 0.1381 0.0058 0.0298
b 0.6641 0.2037 0.1716 0.0108 0.0369
b 0.6505 0.3918 0.1301 0.0055 0.0298
b 0.5770 0.3603 0.1304 0.0052 0.0277
b 0.5451 0.4567 0.1280 0.0055 0.0266
b 0.5164 0.2853 0.1426 0.0063 0.0279
