bo 0.9868 0.2611 0.5207 0.0618 0.3434
bo 0.5853 0.7097 0.4704 0.0489 0.3288
y 0.9971 0.1749 0.1669 0.0076 0.0327
y 0.9910 0.5872 0.2405 0.0145 0.0711
y 0.9591 0.8990 0.8538 0.0886 0.3061
y 0.9434 0.6126 0.1359 0.0056 0.0308
y 0.9160 0.6376 0.1689 0.0084 0.0435
y 0.8941 0.6064 0.1953 0.0106 0.0528
y 0.8825 0.6117 0.1753 0.0095 0.0554
y 0.8051 0.6311 0.3392 0.0218 0.1490
y 0.8036 0.2475 0.1549 0.0062 0.0295
y 0.7565 0.0921 0.1857 0.0072 0.0362
y 0.5105 0.5682 0.1220 0.0047 0.0273
y 0.4567 0.5131 0.1202 0.0050 0.0252
y 0.4118 0.5402 0.1210 0.0047 0.0255
y 0.3292 0.0933 0.1967 0.0090 0.0457
y 0.3169 0.4085 0.1185 0.0048 0.0271
y 0.2560 0.6728 0.2750 0.0177 0.0749
b 0.9987 0.4507 0.2057 0.0110 0.0506
b 0.9976 0.2027 0.1730 0.0084 0.0358
b 0.9961 0.5123 0.1645 0.0075 0.0437
b 0.9960 0.3671 0.3543 0.0231 0.1490
b 0.9947 0.1072 0.8508 0.0928 0.2851
b 0.9884 0.0960 0.2014 0.0091 0.0507
b 0.9779 0.4830 0.1450 0.0058 0.0365
b 0.9770 0.5358 0.1401 0.0060 0.0330
b 0.9731 0.4096 0.2523 0.0169 0.0734
b 0.9339 0.5177 0.1364 0.0054 0.0329
b 0.9195 0.0036 0.2324 0.0074 0.0745
b 0.8841 0.4779 0.1782 0.0083 0.0446
b 0.5814 0.3231 0.1381 0.0049 0.0312
b 0.5174 0.2824 0.1512 0.0051 0.0324
b 0.2984 0.3638 0.1297 0.0052 0.0283
b 0.2521 0.4535 0.1207 0.0051 0.0277
