bo 0.9825 0.2590 0.5235 0.0719 0.3720
y 0.9941 0.6411 0.1758 0.0088 0.0379
y 0.9895 0.6002 0.2286 0.0132 0.0499
y 0.9888 0.1819 0.1760 0.0090 0.0337
y 0.9856 0.6058 0.2035 0.0098 0.0433
y 0.9820 0.6097 0.1403 0.0057 0.0288
y 0.9779 0.6292 0.3393 0.0263 0.1289
y 0.9741 0.9028 0.8547 0.0866 0.2944
y 0.9527 0.6149 0.1688 0.0079 0.0389
y 0.9065 0.6720 0.2642 0.0181 0.0606
y 0.8928 0.2495 0.1580 0.0077 0.0332
y 0.8690 0.0922 0.1855 0.0100 0.0473
y 0.8232 0.6339 0.1486 0.0066 0.0339
y 0.7926 0.5676 0.1277 0.0047 0.0234
y 0.7870 0.5849 0.2572 0.0143 0.0559
b 0.9204 0.3264 0.1440 0.0052 0.0285
b 0.9990 0.3672 0.3522 0.0272 0.1355
b 0.9987 0.5149 0.1668 0.0079 0.0417
b 0.9987 0.4467 0.2100 0.0117 0.0504
b 0.9981 0.2034 0.1768 0.0102 0.0398
b 0.9968 0.1077 0.8431 0.0938 0.3004
b 0.9886 0.4803 0.1459 0.0058 0.0347
b 0.9844 0.4545 0.1629 0.0077 0.0432
b 0.9805 0.5355 0.1463 0.0057 0.0316
b 0.9160 0.5190 0.1350 0.0051 0.0301
b 0.8601 0.4118 0.2515 0.0172 0.0735
b 0.7279 0.2846 0.1514 0.0061 0.0298
b 0.6746 0.4548 0.1304 0.0051 0.0281
b 0.6080 0.4815 0.1806 0.0092 0.0464
b 0.3530 0.3592 0.1316 0.0047 0.0248
