bo 0.9878 0.2581 0.5160 0.0671 0.3490
bo 0.6744 0.7091 0.4556 0.0486 0.3286
bo 0.3264 0.2852 0.4615 0.0284 0.2931
y 0.9996 0.5860 0.2404 0.0162 0.0744
y 0.9991 0.6401 0.1759 0.0103 0.0458
y 0.9987 0.6062 0.2012 0.0126 0.0568
y 0.9979 0.1749 0.1660 0.0083 0.0321
y 0.9977 0.6367 0.1439 0.0066 0.0333
y 0.9959 0.0893 0.1837 0.0085 0.0363
y 0.9940 0.6112 0.1368 0.0055 0.0298
y 0.9922 0.6290 0.3391 0.0269 0.1312
y 0.9882 0.2833 0.1458 0.0055 0.0307
y 0.9713 0.8956 0.8577 0.0767 0.2957
y 0.9491 0.2460 0.1532 0.0057 0.0282
y 0.9148 0.6740 0.2723 0.0158 0.0717
b 0.9863 0.3239 0.1406 0.0051 0.0299
y 0.6912 0.5127 0.1179 0.0046 0.0253
y 0.6601 0.5687 0.1195 0.0045 0.0262
y 0.6333 0.5414 0.1196 0.0047 0.0243
y 0.6209 0.5974 0.1231 0.0050 0.0295
y 0.5675 0.2848 0.3035 0.0232 0.0705
y 0.2546 0.2758 0.3032 0.0228 0.0666
b 0.9997 0.4503 0.2042 0.0114 0.0482
b 0.9993 0.2032 0.1749 0.0090 0.0360
b 0.9980 0.3679 0.3509 0.0228 0.1368
b 0.9973 0.5356 0.1439 0.0060 0.0325
b 0.9930 0.5189 0.1350 0.0053 0.0315
b 0.9922 0.5117 0.1660 0.0085 0.0419
b 0.9922 0.4825 0.1408 0.0059 0.0312
b 0.9855 0.1077 0.8496 0.0968 0.2876
b 0.9519 0.0957 0.1966 0.0096 0.0452
b 0.9325 0.4093 0.2516 0.0163 0.0726
b 0.9299 0.0031 0.2302 0.0068 0.0646
b 0.8542 0.4810 0.1823 0.0095 0.0420
b 0.7123 0.3583 0.1296 0.0044 0.0270
b 0.4938 0.4789 0.1213 0.0047 0.0296
b 0.4598 0.4480 0.1187 0.0042 0.0242
b 0.4542 0.3872 0.1272 0.0041 0.0243
