bo 0.9786 0.2566 0.5163 0.0578 0.3532
bo 0.9725 0.7062 0.4660 0.0545 0.3517
bo 0.8292 0.6830 0.4180 0.0448 0.2269
bo 0.7543 0.2863 0.4591 0.0272 0.2973
y 0.9998 0.5867 0.2396 0.0134 0.0761
y 0.9988 0.6404 0.1700 0.0079 0.0423
y 0.9980 0.1754 0.1665 0.0079 0.0349
y 0.9957 0.6294 0.3390 0.0238 0.1290
y 0.9948 0.6047 0.1989 0.0101 0.0527
y 0.9787 0.8951 0.8537 0.0742 0.2891
y 0.9744 0.6123 0.1366 0.0048 0.0331
y 0.9711 0.0915 0.1840 0.0077 0.0411
y 0.9580 0.6351 0.1418 0.0055 0.0332
y 0.9135 0.6182 0.1777 0.0084 0.0511
y 0.9052 0.2469 0.1542 0.0063 0.0299
y 0.6560 0.5497 0.1183 0.0041 0.0271
y 0.6452 0.6001 0.1223 0.0047 0.0285
b 0.9624 0.3270 0.1406 0.0055 0.0295
y 0.5702 0.6754 0.2718 0.0166 0.0591
y 0.5050 0.3573 0.1213 0.0048 0.0239
y 0.4354 0.5153 0.1191 0.0044 0.0268
y 0.2897 0.5685 0.1198 0.0042 0.0267
b 0.9998 0.1040 0.8449 0.0880 0.3044
b 0.9996 0.4512 0.2047 0.0101 0.0458
b 0.9988 0.2019 0.1727 0.0087 0.0362
b 0.9923 0.3685 0.3477 0.0202 0.1431
b 0.9906 0.5365 0.1428 0.0052 0.0328
b 0.9881 0.5124 0.1642 0.0069 0.0397
b 0.9859 0.5164 0.1366 0.0047 0.0320
b 0.9817 0.4099 0.2533 0.0144 0.0795
b 0.9474 0.0030 0.2285 0.0071 0.0690
b 0.9179 0.4803 0.1785 0.0076 0.0403
b 0.8280 0.2850 0.1465 0.0054 0.0288
b 0.8204 0.4870 0.1333 0.0050 0.0305
b 0.7953 0.3845 0.1283 0.0054 0.0297
b 0.7492 0.3569 0.1303 0.0052 0.0256
b 0.4793 0.4236 0.1189 0.0054 0.0268
b 0.3936 0.4545 0.1177 0.0048 0.0276
