bo 0.9844 0.7156 0.4660 0.0636 0.3605
bo 0.9828 0.2563 0.5161 0.0650 0.3536
bo 0.7640 0.2748 0.4855 0.0487 0.3210
bo 0.6880 0.6838 0.4137 0.0425 0.2469
y 0.9983 0.5864 0.2382 0.0128 0.0793
y 0.9972 0.6291 0.3390 0.0246 0.1295
y 0.9962 0.1735 0.1672 0.0082 0.0321
y 0.9914 0.6379 0.1736 0.0086 0.0486
y 0.9837 0.6111 0.1366 0.0056 0.0329
y 0.9830 0.8989 0.8532 0.0836 0.2934
y 0.9700 0.6736 0.2721 0.0200 0.0694
y 0.9508 0.2472 0.1545 0.0063 0.0289
y 0.9394 0.6055 0.1931 0.0093 0.0549
y 0.7977 0.0917 0.1857 0.0076 0.0385
y 0.7637 0.5693 0.1264 0.0046 0.0265
y 0.7384 0.6393 0.1472 0.0064 0.0369
y 0.6906 0.5135 0.1200 0.0048 0.0264
y 0.5866 0.5406 0.1219 0.0046 0.0265
b 0.9683 0.3242 0.1423 0.0049 0.0296
y 0.3107 0.4117 0.1217 0.0043 0.0283
b 0.9998 0.4507 0.2040 0.0104 0.0500
b 0.9987 0.3690 0.3501 0.0214 0.1469
b 0.9982 0.1073 0.8479 0.0945 0.2891
b 0.9958 0.2055 0.1710 0.0085 0.0352
b 0.9910 0.4793 0.1794 0.0078 0.0422
b 0.9859 0.5348 0.1418 0.0059 0.0345
b 0.9807 0.4829 0.1364 0.0053 0.0341
b 0.9791 0.5189 0.1352 0.0053 0.0343
b 0.9673 0.5105 0.1648 0.0073 0.0405
b 0.9318 0.0961 0.1968 0.0084 0.0429
b 0.9316 0.4100 0.2528 0.0146 0.0774
b 0.7456 0.0039 0.2272 0.0065 0.0586
b 0.7436 0.3594 0.1317 0.0045 0.0265
b 0.6828 0.2825 0.1511 0.0052 0.0307
b 0.4990 0.4553 0.1184 0.0046 0.0271
b 0.4234 0.4760 0.1203 0.0048 0.0294
b 0.3580 0.3894 0.1273 0.0041 0.0244
