bo 0.9774 0.2630 0.5149 0.0534 0.3784
bo 0.4085 0.7114 0.4652 0.0570 0.2915
y 0.9916 0.8956 0.8524 0.0794 0.2997
y 0.9911 0.5874 0.2432 0.0144 0.0838
y 0.9892 0.6372 0.1684 0.0087 0.0436
y 0.9883 0.1760 0.1660 0.0084 0.0341
y 0.9716 0.6318 0.3392 0.0287 0.1302
y 0.9671 0.0908 0.1834 0.0086 0.0418
y 0.9484 0.6136 0.1392 0.0054 0.0347
y 0.8571 0.6001 0.1976 0.0108 0.0541
y 0.7856 0.6127 0.1605 0.0080 0.0478
y 0.7816 0.6726 0.2760 0.0173 0.0757
y 0.7207 0.2490 0.1542 0.0070 0.0307
y 0.7082 0.2716 0.2972 0.0219 0.0695
y 0.5720 0.6329 0.1477 0.0062 0.0368
y 0.4063 0.5089 0.1226 0.0054 0.0276
y 0.3651 0.5657 0.1226 0.0042 0.0310
b 0.8601 0.3235 0.1427 0.0054 0.0315
b 0.9996 0.4512 0.2050 0.0107 0.0501
b 0.9987 0.1078 0.8418 0.0937 0.2962
b 0.9929 0.3687 0.3506 0.0268 0.1263
b 0.9916 0.2013 0.1732 0.0091 0.0373
b 0.9857 0.5101 0.1656 0.0077 0.0430
b 0.9747 0.5386 0.1442 0.0059 0.0339
b 0.9714 0.4876 0.1423 0.0060 0.0360
b 0.9653 0.5173 0.1352 0.0053 0.0323
b 0.9504 0.0998 0.1945 0.0095 0.0454
b 0.9305 0.4100 0.2525 0.0152 0.0708
b 0.8797 0.0039 0.2303 0.0076 0.0787
b 0.7491 0.4798 0.1777 0.0086 0.0412
b 0.6997 0.2850 0.1516 0.0061 0.0319
b 0.6088 0.3587 0.1323 0.0051 0.0300
b 0.2739 0.4870 0.1208 0.0053 0.0281
