bo 0.9956 0.2579 0.5208 0.0700 0.3570
bo 0.8514 0.2809 0.4801 0.0496 0.3030
bo 0.3536 0.7077 0.4653 0.0459 0.3258
y 0.9966 0.1759 0.1661 0.0073 0.0336
y 0.9934 0.5870 0.2388 0.0125 0.0750
y 0.9924 0.6302 0.3389 0.0233 0.1286
y 0.9920 0.8923 0.8566 0.0800 0.2942
y 0.9869 0.6411 0.1735 0.0087 0.0465
y 0.9633 0.6103 0.1697 0.0082 0.0549
y 0.9449 0.6052 0.1967 0.0098 0.0567
y 0.9249 0.6124 0.1352 0.0053 0.0340
y 0.9186 0.6385 0.1378 0.0062 0.0358
y 0.9086 0.6780 0.2685 0.0194 0.0626
y 0.8315 0.5672 0.1287 0.0047 0.0309
y 0.8292 0.2491 0.1543 0.0061 0.0312
y 0.7449 0.0920 0.1856 0.0070 0.0373
y 0.6368 0.5066 0.1216 0.0043 0.0295
y 0.4188 0.5925 0.1992 0.0092 0.0563
b 0.9990 0.1061 0.8436 0.0818 0.2991
b 0.9989 0.4499 0.2045 0.0095 0.0525
b 0.9984 0.5192 0.1712 0.0076 0.0486
b 0.9976 0.2065 0.1728 0.0082 0.0374
b 0.9968 0.3683 0.3486 0.0215 0.1415
b 0.9776 0.0931 0.1945 0.0082 0.0467
b 0.9686 0.5369 0.1401 0.0053 0.0342
b 0.9557 0.4866 0.1395 0.0048 0.0381
b 0.9359 0.0031 0.2287 0.0067 0.0717
b 0.9212 0.3267 0.1405 0.0050 0.0319
b 0.8986 0.5153 0.1323 0.0046 0.0341
b 0.8974 0.4101 0.2484 0.0140 0.0719
b 0.8280 0.3882 0.1317 0.0048 0.0344
b 0.8020 0.2846 0.1483 0.0053 0.0315
b 0.7978 0.4782 0.1796 0.0073 0.0482
b 0.6442 0.3605 0.1289 0.0047 0.0282
