bo 0.8970 0.7138 0.4565 0.0632 0.3009
bo 0.8501 0.2854 0.4552 0.0237 0.2759
bo 0.7408 0.2700 0.4783 0.0443 0.3061
y 0.9982 0.6394 0.1749 0.0108 0.0459
y 0.9981 0.5873 0.2417 0.0154 0.0709
y 0.9966 0.6297 0.3385 0.0266 0.1327
y 0.9852 0.6054 0.2032 0.0123 0.0584
y 0.9773 0.6166 0.1621 0.0087 0.0435
y 0.9747 0.1757 0.1653 0.0082 0.0359
y 0.9359 0.6095 0.1342 0.0055 0.0294
y 0.9345 0.6370 0.1443 0.0069 0.0330
y 0.9195 0.0920 0.1852 0.0090 0.0442
y 0.8686 0.5461 0.1196 0.0046 0.0269
y 0.8003 0.2490 0.1524 0.0067 0.0333
y 0.5916 0.5678 0.1220 0.0046 0.0280
y 0.5679 0.5121 0.1181 0.0048 0.0268
y 0.5021 0.2321 0.3225 0.0122 0.0622
y 0.3313 0.6018 0.1231 0.0052 0.0296
b 0.9968 0.4517 0.2040 0.0090 0.0485
b 0.9896 0.5379 0.1425 0.0059 0.0344
b 0.9883 0.4844 0.1436 0.0055 0.0385
b 0.9877 0.2019 0.1720 0.0088 0.0403
b 0.9817 0.5119 0.1642 0.0075 0.0430
b 0.9683 0.5189 0.1352 0.0055 0.0338
b 0.9295 0.3679 0.3463 0.0203 0.1377
b 0.9218 0.4105 0.2532 0.0130 0.0777
b 0.8986 0.3591 0.1338 0.0060 0.0317
b 0.8904 0.3270 0.1400 0.0060 0.0340
b 0.7690 0.0054 0.2247 0.0078 0.0603
b 0.6862 0.3845 0.1303 0.0057 0.0328
b 0.5553 0.2865 0.1472 0.0065 0.0329
