bo 0.9634 0.2582 0.5186 0.0664 0.3635
y 0.9944 0.1776 0.1693 0.0088 0.0309
y 0.9943 0.6053 0.2025 0.0145 0.0522
y 0.9906 0.6063 0.1598 0.0094 0.0398
y 0.9899 0.6414 0.1813 0.0127 0.0426
y 0.9736 0.8986 0.8584 0.0777 0.2958
y 0.9693 0.6306 0.3392 0.0287 0.1285
y 0.9668 0.5894 0.2424 0.0181 0.0650
y 0.9535 0.0953 0.1744 0.0073 0.0339
y 0.9480 0.6104 0.1324 0.0057 0.0280
y 0.8880 0.6355 0.1441 0.0076 0.0334
y 0.6630 0.2489 0.1548 0.0066 0.0290
b 0.8341 0.3264 0.1414 0.0047 0.0281
y 0.4747 0.5440 0.1213 0.0042 0.0249
y 0.3801 0.5080 0.1219 0.0047 0.0266
y 0.2568 0.6773 0.2692 0.0183 0.0608
b 0.9995 0.4510 0.2063 0.0109 0.0486
b 0.9990 0.5146 0.1661 0.0082 0.0407
b 0.9983 0.3681 0.3539 0.0253 0.1363
b 0.9923 0.5350 0.1451 0.0058 0.0339
b 0.9881 0.4841 0.1414 0.0055 0.0327
b 0.9880 0.4122 0.2556 0.0163 0.0766
b 0.9660 0.5170 0.1346 0.0051 0.0303
b 0.9611 0.0973 0.1954 0.0091 0.0418
b 0.8697 0.1115 0.8478 0.0876 0.3039
b 0.8111 0.4573 0.1656 0.0069 0.0383
b 0.7295 0.2108 0.1673 0.0085 0.0336
b 0.6424 0.2825 0.1516 0.0053 0.0294
b 0.6377 0.4552 0.1301 0.0050 0.0273
b 0.5707 0.3909 0.1313 0.0046 0.0277
b 0.5691 0.4800 0.1792 0.0086 0.0417
b 0.5165 0.0933 0.1943 0.0073 0.0384
b 0.4571 0.3601 0.1312 0.0046 0.0258
