y 0.9976 0.7569 0.4668 0.0401 0.1912
y 0.9958 0.7103 0.3342 0.0273 0.1227
y 0.9955 0.7855 0.2457 0.0202 0.0868
y 0.9940 0.7307 0.2646 0.0244 0.0860
y 0.9939 0.8535 0.2378 0.0183 0.0878
y 0.9916 0.9247 0.2261 0.0175 0.0796
y 0.9392 0.0177 0.1464 0.0088 0.0479
y 0.9341 0.9340 0.1303 0.0068 0.0356
y 0.8517 0.9942 0.2098 0.0097 0.0813
y 0.6877 0.8836 0.1188 0.0064 0.0295
y 0.4025 0.8562 0.1153 0.0058 0.0254
y 0.3899 0.9917 0.1521 0.0078 0.0471
y 0.2723 0.9243 0.1217 0.0067 0.0321
y 0.2563 0.9404 0.1314 0.0079 0.0331
b 0.9995 0.7751 0.1686 0.0116 0.0548
b 0.9994 0.4109 0.3794 0.0275 0.1260
b 0.9994 0.4609 0.2646 0.0195 0.0800
b 0.9992 0.2945 0.5962 0.0558 0.2527
b 0.9982 0.6723 0.1775 0.0123 0.0553
b 0.9953 0.5532 0.1949 0.0119 0.0605
b 0.9806 0.4962 0.2240 0.0161 0.0763
b 0.9771 0.8206 0.1648 0.0110 0.0479
b 0.9577 0.7198 0.1754 0.0127 0.0557
b 0.9539 0.8298 0.1396 0.0081 0.0396
b 0.9370 0.8709 0.1517 0.0091 0.0452
b 0.9264 0.6108 0.1838 0.0132 0.0583
b 0.9151 0.6654 0.1396 0.0082 0.0402
b 0.4991 0.6067 0.1897 0.0132 0.0622
