y 0.9992 0.8068 0.5153 0.0507 0.2266
y 0.9984 0.9308 0.3671 0.0385 0.1567
y 0.9979 0.8581 0.4211 0.0538 0.1910
y 0.9968 0.9632 0.1686 0.0179 0.0505
y 0.9896 0.8991 0.1501 0.0125 0.0383
y 0.9700 0.5029 0.1826 0.0111 0.0494
y 0.9650 0.9411 0.1375 0.0121 0.0342
y 0.8672 0.8025 0.1222 0.0067 0.0342
y 0.8414 0.7668 0.1178 0.0070 0.0329
y 0.7509 0.8452 0.1400 0.0100 0.0362
y 0.5252 0.9888 0.3185 0.0220 0.1461
y 0.3572 0.8374 0.1313 0.0077 0.0335
b 0.7868 0.5020 0.2009 0.0128 0.0562
b 0.9998 0.3044 0.4242 0.0314 0.1528
b 0.9995 0.6066 0.2346 0.0182 0.0819
b 0.9994 0.7662 0.1788 0.0131 0.0593
b 0.9994 0.1517 0.6924 0.0725 0.3140
b 0.9983 0.7232 0.1975 0.0153 0.0619
b 0.9979 0.5024 0.2693 0.0214 0.0957
b 0.9975 0.5412 0.2546 0.0194 0.0835
b 0.9936 0.8055 0.1638 0.0120 0.0541
b 0.9867 0.6646 0.2168 0.0172 0.0815
b 0.9666 0.4297 0.3087 0.0211 0.1017
b 0.7870 0.7632 0.1409 0.0083 0.0412
b 0.7155 0.7125 0.1339 0.0086 0.0478
