y 0.9958 0.8905 0.8654 0.0823 0.2713
y 0.9938 0.7402 0.3265 0.0324 0.1115
y 0.9898 0.7963 0.5568 0.0518 0.2443
y 0.9839 0.7303 0.2601 0.0183 0.0860
y 0.9654 0.8830 0.2224 0.0197 0.0791
y 0.9188 0.9604 0.2276 0.0206 0.0761
y 0.7521 0.0562 0.1531 0.0082 0.0459
y 0.7184 0.0898 0.1497 0.0079 0.0509
y 0.6687 0.9848 0.1388 0.0077 0.0338
b 0.5048 0.9509 0.1697 0.0121 0.0460
y 0.3102 0.7575 0.2327 0.0149 0.0751
b 0.9979 0.4611 0.3327 0.0306 0.1458
b 0.9967 0.6178 0.1767 0.0103 0.0594
b 0.9963 0.3477 0.5198 0.0438 0.2269
b 0.9954 0.5091 0.2623 0.0200 0.0947
b 0.9902 0.6732 0.1632 0.0096 0.0511
b 0.9833 0.8286 0.1745 0.0123 0.0592
b 0.9831 0.7226 0.1619 0.0099 0.0515
b 0.9591 0.5427 0.2131 0.0148 0.0683
b 0.9351 0.8852 0.1672 0.0116 0.0574
b 0.9248 0.7712 0.1608 0.0102 0.0521
b 0.7528 0.6529 0.1483 0.0069 0.0438
b 0.6593 0.9114 0.1500 0.0090 0.0405
b 0.5481 0.7197 0.1433 0.0080 0.0426
b 0.4237 0.5737 0.1900 0.0120 0.0563
b 0.3900 0.7771 0.1506 0.0092 0.0465
b 0.2884 0.6212 0.1431 0.0063 0.0393
