y 0.9990 0.7521 0.4732 0.0369 0.1947
y 0.9941 0.8906 0.1350 0.0090 0.0348
y 0.9713 0.7529 0.3379 0.0280 0.1183
y 0.9626 0.8032 0.3053 0.0282 0.1111
y 0.9580 0.9303 0.8622 0.0826 0.2698
y 0.9407 0.9584 0.2695 0.0243 0.0979
y 0.9393 0.8812 0.2862 0.0272 0.0976
y 0.7792 0.9075 0.1416 0.0108 0.0392
y 0.4876 0.8248 0.1211 0.0075 0.0314
y 0.3998 0.8479 0.1194 0.0074 0.0294
b 0.9999 0.2655 0.6554 0.0632 0.2620
b 0.9992 0.6520 0.2020 0.0133 0.0641
b 0.9983 0.7614 0.1806 0.0144 0.0592
b 0.9982 0.8084 0.1744 0.0132 0.0509
b 0.9982 0.7058 0.1950 0.0137 0.0625
b 0.9916 0.3985 0.3547 0.0224 0.1245
b 0.9685 0.8214 0.1384 0.0083 0.0371
b 0.8905 0.8517 0.1593 0.0117 0.0441
b 0.8691 0.5947 0.2136 0.0147 0.0689
b 0.8437 0.8103 0.1443 0.0086 0.0398
b 0.7765 0.5853 0.2151 0.0147 0.0697
b 0.7707 0.5202 0.2349 0.0117 0.0704
b 0.7454 0.7591 0.1404 0.0082 0.0392
b 0.5277 0.5778 0.2207 0.0149 0.0651
b 0.2799 0.4421 0.2766 0.0148 0.0844
b 0.2609 0.8477 0.1441 0.0095 0.0363
