y 0.9892 0.5832 0.3040 0.0252 0.0578
y 0.9817 0.3839 0.1962 0.0120 0.0532
y 0.9695 0.4463 0.2015 0.0150 0.0512
y 0.9495 0.6896 0.4655 0.0418 0.1892
y 0.8892 0.5855 0.2536 0.0201 0.0463
y 0.8648 0.2306 0.2115 0.0133 0.0515
y 0.8587 0.2264 0.2209 0.0133 0.0540
y 0.8492 0.3113 0.1951 0.0086 0.0470
y 0.8126 0.5175 0.2397 0.0211 0.0576
y 0.5676 0.1233 0.2526 0.0184 0.0733
y 0.3547 0.5178 0.1943 0.0149 0.0356
b 0.9511 0.3099 0.2250 0.0115 0.0578
b 0.8696 0.0756 0.3016 0.0185 0.1090
b 0.8198 0.2409 0.2869 0.0191 0.0763
b 0.7474 0.3196 0.3667 0.0226 0.1829
b 0.3303 0.3056 0.2581 0.0147 0.0682
