y 0.9916 0.6970 0.0814 0.0153 0.0413
y 0.9816 0.6953 0.1439 0.0210 0.0541
y 0.9742 0.6367 0.1681 0.0204 0.0636
y 0.9653 0.7549 0.1107 0.0216 0.0704
y 0.9581 0.7650 0.4443 0.0513 0.2827
y 0.9531 0.6355 0.2650 0.0379 0.0708
y 0.9131 0.6383 0.1370 0.0154 0.0633
y 0.9032 0.8257 0.1099 0.0214 0.0758
y 0.7815 0.6354 0.1930 0.0226 0.0653
y 0.7753 0.9338 0.1336 0.0155 0.0688
y 0.6073 0.7556 0.0723 0.0159 0.0438
y 0.5572 0.9350 0.0888 0.0148 0.0482
y 0.5176 0.6434 0.1094 0.0115 0.0515
b 0.9831 0.4357 0.1065 0.0189 0.0754
b 0.9825 0.5122 0.0675 0.0143 0.0847
b 0.9713 0.2909 0.4321 0.0575 0.2526
b 0.9690 0.3469 0.2388 0.0323 0.1403
